type1	CM048754.1	96.226	53	2	0	1	53	80783551	80783393	1.90e-28	106
type1	CM048754.1	63.043	46	17	0	1	46	86396859	86396996	3.57e-14	65.9
type1	CM048754.1	63.043	46	17	0	1	46	10832896	10833033	7.72e-14	64.7
type1	CM048754.1	68.182	44	14	0	1	44	9719969	9720100	8.68e-14	64.7
type1	CM048754.1	68.182	44	14	0	1	44	78379975	78379844	9.20e-14	64.7
type1	CM048754.1	68.182	44	14	0	1	44	85410560	85410691	9.95e-14	64.3
type1	CM048754.1	68.182	44	14	0	1	44	11710975	11711106	2.11e-13	63.5
type1	CM048754.1	68.182	44	14	0	1	44	87170675	87170806	2.62e-13	63.2
type1	CM048754.1	68.182	44	14	0	1	44	7060667	7060798	5.45e-13	62.4
type1	CM048754.1	68.182	44	14	0	1	44	71439192	71439061	5.45e-13	62.4
type1	CM048754.1	65.909	44	15	0	1	44	6541061	6541192	5.72e-13	62.4
type1	CM048754.1	58.824	51	21	0	1	51	4631787	4631939	5.83e-13	62.4
type1	CM048754.1	65.909	44	15	0	1	44	71946479	71946348	6.07e-13	62.4
type1	CM048754.1	58.824	51	21	0	1	51	73690366	73690214	9.06e-13	61.6
type1	CM048754.1	50.000	62	23	1	1	54	84499265	84499450	9.24e-13	61.6
type1	CM048754.1	63.830	47	17	0	1	47	2216877	2217017	1.87e-12	60.8
type1	CM048754.1	63.830	47	17	0	1	47	75947460	75947320	1.87e-12	60.8
type1	CM048754.1	52.542	59	20	1	1	51	8511581	8511757	2.08e-12	60.8
type1	CM048754.1	50.000	52	26	0	2	53	58652694	58652539	7.16e-10	53.5
type1	CM048754.1	50.000	52	26	0	2	53	56994747	56994902	1.23e-09	52.8
type2	CM048754.1	68.519	54	17	0	1	54	9719942	9720103	2.23e-19	80.9
type2	CM048754.1	68.519	54	17	0	1	54	85410533	85410694	2.53e-19	80.9
type2	CM048754.1	68.519	54	17	0	1	54	84499238	84499399	1.11e-17	76.3
type2	CM048754.1	68.519	54	17	0	1	54	8511554	8511715	1.66e-17	75.9
type2	CM048754.1	67.925	53	17	0	1	53	86396832	86396990	4.81e-17	74.3
type2	CM048754.1	61.017	59	23	0	2	60	2216853	2217029	7.60e-17	73.9
type2	CM048754.1	61.017	59	23	0	2	60	75947484	75947308	7.60e-17	73.9
type2	CM048754.1	67.925	53	17	0	1	53	10832869	10833027	7.83e-17	73.9
type2	CM048754.1	64.815	54	19	0	1	54	7060640	7060801	4.67e-16	71.6
type2	CM048754.1	64.815	54	19	0	1	54	71439219	71439058	4.67e-16	71.6
type2	CM048754.1	66.071	56	19	0	1	56	11710948	11711115	6.26e-16	71.2
type2	CM048754.1	66.071	56	19	0	1	56	87170648	87170815	6.38e-16	71.2
type2	CM048754.1	59.322	59	24	0	2	60	78379999	78379823	9.15e-16	70.9
type2	CM048754.1	60.714	56	22	0	2	57	71946503	71946336	2.08e-15	69.7
type2	CM048754.1	60.714	56	22	0	2	57	6541037	6541204	2.10e-15	69.7
type2	CM048754.1	64.151	53	19	0	2	54	4631763	4631921	7.84e-15	68.2
type2	CM048754.1	64.151	53	19	0	2	54	73690390	73690232	7.99e-15	68.2
type2	CM048754.1	54.545	55	25	0	2	56	80783575	80783411	1.36e-12	61.6
type2	CM048754.1	50.000	58	29	0	1	58	58652724	58652551	3.14e-11	57.8
type2	CM048754.1	50.000	58	29	0	1	58	56994717	56994890	3.71e-11	57.8
type2	CM048754.1	50.000	36	18	0	20	55	88239694	88239801	4.70e-06	43.1
type3	CM048754.1	100.000	73	0	0	1	73	7060610	7060828	7.71e-44	151
type3	CM048754.1	100.000	73	0	0	1	73	71439249	71439031	7.71e-44	151
type3	CM048754.1	84.286	70	10	1	4	73	4631739	4631945	4.28e-32	117
type3	CM048754.1	84.286	70	10	1	4	73	73690414	73690208	9.13e-32	116
type3	CM048754.1	80.000	65	13	0	5	69	84499220	84499414	7.17e-31	114
type3	CM048754.1	74.324	74	13	1	2	69	8511509	8511730	1.62e-30	113
type3	CM048754.1	84.746	59	9	0	7	65	71946518	71946342	2.27e-28	107
type3	CM048754.1	84.746	59	9	0	7	65	6541022	6541198	2.36e-28	107
type3	CM048754.1	81.538	65	11	1	1	64	78380035	78379841	2.97e-28	106
type3	CM048754.1	82.812	64	11	0	1	64	2216820	2217011	3.68e-28	106
type3	CM048754.1	82.812	64	11	0	1	64	75947517	75947326	3.68e-28	106
type3	CM048754.1	70.492	61	18	0	6	66	85410518	85410700	9.08e-23	91.3
type3	CM048754.1	70.492	61	18	0	6	66	9719927	9720109	9.17e-23	91.3
type3	CM048754.1	69.355	62	19	0	3	64	86396808	86396993	1.63e-22	90.5
type3	CM048754.1	69.355	62	19	0	3	64	10832845	10833030	3.80e-22	89.4
type3	CM048754.1	69.355	62	19	0	10	71	11710945	11711130	1.99e-21	87.4
type3	CM048754.1	69.355	62	19	0	10	71	87170645	87170830	2.94e-21	87.0
type3	CM048754.1	60.345	58	23	0	6	63	80783593	80783420	3.85e-17	75.1
type3	CM048754.1	53.448	58	27	0	9	66	56994711	56994884	2.06e-12	61.6
type3	CM048754.1	53.448	58	27	0	9	66	58652730	58652557	2.60e-10	55.8
type3	CM048754.1	55.000	40	18	0	25	64	88239679	88239798	2.59e-09	53.1
type3	CM048754.1	46.939	49	26	0	4	52	43273793	43273939	1.22e-06	45.4
XP_049945788.1	CM048754.1	97.059	68	2	0	1	68	71946536	71946333	4.97e-38	134
XP_049945788.1	CM048754.1	97.059	68	2	0	1	68	6541004	6541207	6.33e-38	134
XP_049945788.1	CM048754.1	83.607	61	10	0	7	67	4631748	4631930	7.33e-28	105
XP_049945788.1	CM048754.1	83.607	61	10	0	7	67	73690405	73690223	1.51e-27	104
XP_049945788.1	CM048754.1	79.688	64	13	0	1	64	78380032	78379841	1.58e-27	104
XP_049945788.1	CM048754.1	81.356	59	11	0	7	65	7060628	7060804	9.22e-26	99.4
XP_049945788.1	CM048754.1	81.356	59	11	0	7	65	71439231	71439055	9.22e-26	99.4
XP_049945788.1	CM048754.1	75.385	65	15	1	1	65	84499211	84499402	3.14e-25	97.8
XP_049945788.1	CM048754.1	82.759	58	10	0	7	64	2216838	2217011	3.71e-25	97.8
XP_049945788.1	CM048754.1	82.759	58	10	0	7	64	75947499	75947326	3.71e-25	97.8
XP_049945788.1	CM048754.1	75.385	65	15	1	1	65	8511527	8511718	6.03e-25	97.1
XP_049945788.1	CM048754.1	67.797	59	19	0	6	64	85410518	85410694	1.02e-20	85.1
XP_049945788.1	CM048754.1	67.797	59	19	0	6	64	9719927	9720103	1.13e-20	85.1
XP_049945788.1	CM048754.1	63.793	58	21	0	7	64	86396820	86396993	1.07e-19	82.0
XP_049945788.1	CM048754.1	62.712	59	22	0	6	64	10832854	10833030	2.31e-19	81.3
XP_049945788.1	CM048754.1	58.065	62	26	0	2	63	80783605	80783420	1.91e-18	78.6
XP_049945788.1	CM048754.1	66.667	54	18	0	10	63	11710945	11711106	3.53e-18	77.8
XP_049945788.1	CM048754.1	66.667	54	18	0	10	63	87170645	87170806	4.05e-18	77.8
XP_049945788.1	CM048754.1	51.852	54	26	0	10	63	58652727	58652566	2.02e-11	58.5
XP_049945788.1	CM048754.1	51.852	54	26	0	10	63	56994714	56994875	4.46e-11	57.8
XP_049945788.1	CM048754.1	55.000	40	18	0	25	64	88239679	88239798	1.80e-06	44.7
XP_049945789.1	CM048754.1	100.000	73	0	0	1	73	7060610	7060828	7.71e-44	151
XP_049945789.1	CM048754.1	100.000	73	0	0	1	73	71439249	71439031	7.71e-44	151
XP_049945789.1	CM048754.1	84.286	70	10	1	4	73	4631739	4631945	4.28e-32	117
XP_049945789.1	CM048754.1	84.286	70	10	1	4	73	73690414	73690208	9.13e-32	116
XP_049945789.1	CM048754.1	80.000	65	13	0	5	69	84499220	84499414	7.17e-31	114
XP_049945789.1	CM048754.1	74.324	74	13	1	2	69	8511509	8511730	1.62e-30	113
XP_049945789.1	CM048754.1	84.746	59	9	0	7	65	71946518	71946342	2.27e-28	107
XP_049945789.1	CM048754.1	84.746	59	9	0	7	65	6541022	6541198	2.36e-28	107
XP_049945789.1	CM048754.1	81.538	65	11	1	1	64	78380035	78379841	2.97e-28	106
XP_049945789.1	CM048754.1	82.812	64	11	0	1	64	2216820	2217011	3.68e-28	106
XP_049945789.1	CM048754.1	82.812	64	11	0	1	64	75947517	75947326	3.68e-28	106
XP_049945789.1	CM048754.1	70.492	61	18	0	6	66	85410518	85410700	9.08e-23	91.3
XP_049945789.1	CM048754.1	70.492	61	18	0	6	66	9719927	9720109	9.17e-23	91.3
XP_049945789.1	CM048754.1	69.355	62	19	0	3	64	86396808	86396993	1.63e-22	90.5
XP_049945789.1	CM048754.1	69.355	62	19	0	3	64	10832845	10833030	3.80e-22	89.4
XP_049945789.1	CM048754.1	69.355	62	19	0	10	71	11710945	11711130	1.99e-21	87.4
XP_049945789.1	CM048754.1	69.355	62	19	0	10	71	87170645	87170830	2.94e-21	87.0
XP_049945789.1	CM048754.1	60.345	58	23	0	6	63	80783593	80783420	3.85e-17	75.1
XP_049945789.1	CM048754.1	53.448	58	27	0	9	66	56994711	56994884	2.06e-12	61.6
XP_049945789.1	CM048754.1	53.448	58	27	0	9	66	58652730	58652557	2.60e-10	55.8
XP_049945789.1	CM048754.1	55.000	40	18	0	25	64	88239679	88239798	2.59e-09	53.1
XP_049945789.1	CM048754.1	46.939	49	26	0	4	52	43273793	43273939	1.22e-06	45.4
XP_049945793.1	CM048754.1	98.630	73	1	0	1	73	10832839	10833057	5.55e-45	154
XP_049945793.1	CM048754.1	98.630	73	1	0	1	73	86396802	86397020	1.11e-44	153
XP_049945793.1	CM048754.1	65.672	67	23	0	5	71	85410515	85410715	1.33e-26	102
XP_049945793.1	CM048754.1	65.672	67	23	0	5	71	9719924	9720124	1.48e-26	102
XP_049945793.1	CM048754.1	63.889	72	22	1	3	70	7060616	7060831	1.37e-22	90.5
XP_049945793.1	CM048754.1	63.889	72	22	1	3	70	71439243	71439028	1.37e-22	90.5
XP_049945793.1	CM048754.1	70.690	58	17	0	6	63	84499223	84499396	6.88e-22	88.6
XP_049945793.1	CM048754.1	74.074	54	14	0	10	63	87170645	87170806	8.69e-22	88.6
XP_049945793.1	CM048754.1	74.074	54	14	0	10	63	11710945	11711106	9.22e-22	88.2
XP_049945793.1	CM048754.1	70.690	58	17	0	6	63	8511539	8511712	1.35e-21	87.8
XP_049945793.1	CM048754.1	65.152	66	23	0	7	72	4631748	4631945	3.64e-21	86.7
XP_049945793.1	CM048754.1	65.152	66	23	0	7	72	73690405	73690208	3.71e-21	86.7
XP_049945793.1	CM048754.1	69.841	63	18	1	3	64	78380029	78379841	1.09e-20	85.1
XP_049945793.1	CM048754.1	67.742	62	20	0	3	64	2216826	2217011	7.03e-20	82.8
XP_049945793.1	CM048754.1	67.742	62	20	0	3	64	75947511	75947326	7.03e-20	82.8
XP_049945793.1	CM048754.1	65.517	58	20	0	7	64	71946518	71946345	2.54e-19	81.3
XP_049945793.1	CM048754.1	65.517	58	20	0	7	64	6541022	6541195	2.78e-19	81.3
XP_049945793.1	CM048754.1	57.627	59	25	0	7	65	80783590	80783414	2.45e-16	72.8
XP_049945793.1	CM048754.1	51.852	54	26	0	10	63	58652727	58652566	1.00e-11	59.7
XP_049945793.1	CM048754.1	51.852	54	26	0	10	63	56994714	56994875	1.61e-11	59.3
XP_049945793.1	CM048754.1	47.727	44	23	0	25	68	88239679	88239810	1.93e-07	47.8
XP_049945793.1	CM048754.1	53.061	49	23	0	4	52	43273793	43273939	2.79e-07	47.4
XP_049945795.1	CM048754.1	100.000	71	0	0	1	71	87170618	87170830	9.73e-44	150
XP_049945795.1	CM048754.1	100.000	71	0	0	1	71	11710918	11711130	1.06e-43	150
XP_049945795.1	CM048754.1	74.074	54	14	0	10	63	86396829	86396990	2.10e-22	90.1
XP_049945795.1	CM048754.1	74.074	54	14	0	10	63	10832866	10833027	1.06e-21	88.2
XP_049945795.1	CM048754.1	69.841	63	19	0	10	72	7060637	7060825	1.18e-21	88.2
XP_049945795.1	CM048754.1	69.841	63	19	0	10	72	71439222	71439034	1.18e-21	88.2
XP_049945795.1	CM048754.1	58.904	73	30	0	1	73	4631730	4631948	7.19e-21	85.9
XP_049945795.1	CM048754.1	63.492	63	23	0	1	63	85410503	85410691	1.46e-20	84.7
XP_049945795.1	CM048754.1	63.492	63	23	0	1	63	9719912	9720100	1.60e-20	84.7
XP_049945795.1	CM048754.1	64.615	65	23	0	9	73	73690399	73690205	2.10e-20	84.3
XP_049945795.1	CM048754.1	70.690	58	17	0	9	66	78380008	78379835	2.25e-20	84.3
XP_049945795.1	CM048754.1	70.370	54	16	0	10	63	84499235	84499396	6.76e-20	83.2
XP_049945795.1	CM048754.1	59.420	69	22	1	1	63	8511506	8511712	1.83e-19	81.6
XP_049945795.1	CM048754.1	68.519	54	17	0	10	63	71946509	71946348	1.99e-18	79.0
XP_049945795.1	CM048754.1	68.519	54	17	0	10	63	6541031	6541192	2.15e-18	78.6
XP_049945795.1	CM048754.1	59.091	66	27	0	1	66	2216820	2217017	2.80e-18	78.6
XP_049945795.1	CM048754.1	59.091	66	27	0	1	66	75947517	75947320	2.80e-18	78.6
XP_049945795.1	CM048754.1	55.556	54	24	0	10	63	58652727	58652566	1.38e-13	65.1
XP_049945795.1	CM048754.1	55.556	54	24	0	10	63	56994714	56994875	3.29e-13	63.9
XP_049945795.1	CM048754.1	57.407	54	23	0	10	63	80783581	80783420	2.17e-12	61.6
XP_049945795.1	CM048754.1	51.220	41	20	0	25	65	88239679	88239801	1.70e-08	50.8
XP_049945795.1	CM048754.1	40.299	67	33	2	4	63	58650263	58650063	3.53e-07	47.0
XP_049945795.1	CM048754.1	55.000	40	17	1	25	63	58648847	58648728	7.09e-07	46.2
XP_049945795.1	CM048754.1	74.074	27	7	0	37	63	58647807	58647727	9.23e-07	45.8
XP_049945795.1	CM048754.1	55.000	40	17	1	25	63	58643672	58643553	2.15e-06	44.7
XP_049945795.1	CM048754.1	74.074	27	7	0	37	63	58639795	58639715	2.17e-06	44.7
XP_049945795.1	CM048754.1	74.074	27	7	0	37	63	58652479	58652399	3.40e-06	44.3
XP_049945795.1	CM048754.1	74.074	27	7	0	37	63	58652312	58652232	3.40e-06	44.3
XP_049945795.1	CM048754.1	74.074	27	7	0	37	63	58651978	58651898	3.40e-06	44.3
XP_049945795.1	CM048754.1	74.074	27	7	0	37	63	58651644	58651564	3.40e-06	44.3
XP_049945795.1	CM048754.1	74.074	27	7	0	37	63	58651477	58651397	3.40e-06	44.3
XP_049945795.1	CM048754.1	74.074	27	7	0	37	63	58650977	58650897	3.40e-06	44.3
XP_049945795.1	CM048754.1	74.074	27	7	0	37	63	58650643	58650563	3.40e-06	44.3
XP_049945795.1	CM048754.1	74.074	27	7	0	37	63	58650476	58650396	3.40e-06	44.3
XP_049945795.1	CM048754.1	74.074	27	7	0	37	63	58649976	58649896	3.40e-06	44.3
XP_049945795.1	CM048754.1	74.074	27	7	0	37	63	58649642	58649562	3.40e-06	44.3
XP_049945795.1	CM048754.1	74.074	27	7	0	37	63	58649141	58649061	3.40e-06	44.3
XP_049945795.1	CM048754.1	74.074	27	7	0	37	63	58648641	58648561	3.40e-06	44.3
XP_049945795.1	CM048754.1	74.074	27	7	0	37	63	58648140	58648060	3.40e-06	44.3
XP_049945795.1	CM048754.1	74.074	27	7	0	37	63	58647640	58647560	3.40e-06	44.3
XP_049945795.1	CM048754.1	74.074	27	7	0	37	63	58647473	58647393	3.40e-06	44.3
XP_049945795.1	CM048754.1	74.074	27	7	0	37	63	58647306	58647226	3.40e-06	44.3
XP_049945795.1	CM048754.1	74.074	27	7	0	37	63	58646639	58646559	3.40e-06	44.3
XP_049945795.1	CM048754.1	74.074	27	7	0	37	63	58646472	58646392	3.40e-06	44.3
XP_049945795.1	CM048754.1	74.074	27	7	0	37	63	58646138	58646058	3.40e-06	44.3
XP_049945795.1	CM048754.1	74.074	27	7	0	37	63	58645971	58645891	3.40e-06	44.3
XP_049945795.1	CM048754.1	74.074	27	7	0	37	63	58645804	58645724	3.40e-06	44.3
XP_049945795.1	CM048754.1	74.074	27	7	0	37	63	58645637	58645557	3.40e-06	44.3
XP_049945795.1	CM048754.1	74.074	27	7	0	37	63	58645470	58645390	3.40e-06	44.3
XP_049945795.1	CM048754.1	74.074	27	7	0	37	63	58645303	58645223	3.40e-06	44.3
XP_049945795.1	CM048754.1	74.074	27	7	0	37	63	58645136	58645056	3.40e-06	44.3
XP_049945795.1	CM048754.1	74.074	27	7	0	37	63	58644134	58644054	3.40e-06	44.3
XP_049945795.1	CM048754.1	74.074	27	7	0	37	63	58643800	58643720	3.40e-06	44.3
XP_049945795.1	CM048754.1	74.074	27	7	0	37	63	58642633	58642553	3.40e-06	44.3
XP_049945795.1	CM048754.1	74.074	27	7	0	37	63	58642299	58642219	3.40e-06	44.3
XP_049945795.1	CM048754.1	74.074	27	7	0	37	63	58642132	58642052	3.40e-06	44.3
XP_049945795.1	CM048754.1	74.074	27	7	0	37	63	58641965	58641885	3.40e-06	44.3
XP_049945795.1	CM048754.1	74.074	27	7	0	37	63	58641798	58641718	3.40e-06	44.3
XP_049945795.1	CM048754.1	74.074	27	7	0	37	63	58641131	58641051	3.40e-06	44.3
XP_049945795.1	CM048754.1	74.074	27	7	0	37	63	58640129	58640049	3.40e-06	44.3
XP_049945795.1	CM048754.1	74.074	27	7	0	37	63	58639461	58639381	3.40e-06	44.3
XP_049945795.1	CM048754.1	74.074	27	7	0	37	63	58651143	58651063	3.50e-06	44.3
XP_049945795.1	CM048754.1	74.074	27	7	0	37	63	58646805	58646725	3.50e-06	44.3
XP_049945795.1	CM048754.1	74.074	27	7	0	37	63	58642966	58642886	3.50e-06	44.3
XP_049945795.1	CM048754.1	74.074	27	7	0	37	63	58641297	58641217	3.50e-06	44.3
XP_049945795.1	CM048754.1	74.074	27	7	0	37	63	58639962	58639882	3.50e-06	44.3
XP_049945795.1	CM048754.1	74.074	27	7	0	37	63	58650810	58650730	3.86e-06	43.9
XP_049945795.1	CM048754.1	74.074	27	7	0	37	63	58649308	58649228	3.86e-06	43.9
XP_049945795.1	CM048754.1	74.074	27	7	0	37	63	58640797	58640717	3.86e-06	43.9
XP_049945795.1	CM048754.1	74.074	27	7	0	37	63	58640630	58640550	3.86e-06	43.9
XP_049945795.1	CM048754.1	74.074	27	7	0	37	63	58640296	58640216	3.86e-06	43.9
XP_049945795.1	CM048754.1	74.074	27	7	0	37	63	58639628	58639548	3.86e-06	43.9
XP_049945795.1	CM048754.1	56.410	39	16	1	25	62	58647178	58647062	4.26e-06	43.9
XP_049945795.1	CM048754.1	56.410	39	16	1	25	62	58644841	58644725	4.26e-06	43.9
XP_049945795.1	CM048754.1	56.410	39	16	1	25	62	58641670	58641554	4.26e-06	43.9
XP_049945795.1	CM048754.1	74.074	27	7	0	37	63	58640964	58640884	4.70e-06	43.9
XP_049945795.1	CM048754.1	70.370	27	8	0	37	63	58644635	58644555	4.99e-06	43.5
XP_049945795.1	CM048754.1	53.488	43	20	0	10	52	43273811	43273939	6.31e-06	43.5
XP_049945795.1	CM048754.1	70.370	27	8	0	37	63	58646972	58646892	7.83e-06	43.1
XP_049945795.1	CM048754.1	70.370	27	8	0	37	63	58644301	58644221	7.83e-06	43.1
XP_049945795.1	CM048754.1	70.370	27	8	0	37	63	58648307	58648227	9.62e-06	42.7
XP_049945795.1	CM048754.1	70.370	27	8	0	37	63	58644969	58644889	9.91e-06	42.7
XP_049945903.1	CM048754.1	100.000	73	0	0	14	86	2216820	2217038	1.81e-30	114
XP_049945903.1	CM048754.1	100.000	73	0	0	14	86	75947517	75947299	1.81e-30	114
XP_049945903.1	CM048754.1	78.161	87	17	2	1	86	78380071	78379814	1.56e-26	102
XP_049945903.1	CM048754.1	91.111	45	4	0	33	77	7060667	7060801	2.23e-20	85.1
XP_049945903.1	CM048754.1	91.111	45	4	0	33	77	71439192	71439058	2.23e-20	85.1
XP_049945903.1	CM048754.1	86.667	45	6	0	33	77	6541061	6541195	3.32e-20	84.7
XP_049945903.1	CM048754.1	86.667	45	6	0	33	77	71946479	71946345	3.70e-20	84.3
XP_049945903.1	CM048754.1	91.111	45	4	0	33	77	4631787	4631921	3.96e-20	84.3
XP_049945903.1	CM048754.1	91.111	45	4	0	33	77	73690366	73690232	4.95e-20	84.0
XP_049945903.1	CM048754.1	82.222	45	8	0	33	77	84499265	84499399	3.96e-18	78.6
XP_049945903.1	CM048754.1	82.222	45	8	0	33	77	8511581	8511715	9.15e-18	77.8
XP_049945903.1	CM048754.1	75.000	48	12	0	33	80	9719969	9720112	3.85e-16	73.2
XP_049945903.1	CM048754.1	75.000	48	12	0	33	80	85410560	85410703	3.97e-16	72.8
XP_049945903.1	CM048754.1	72.340	47	13	0	33	79	11710975	11711115	6.92e-16	72.4
XP_049945903.1	CM048754.1	72.340	47	13	0	33	79	87170675	87170815	9.54e-16	72.0
XP_049945903.1	CM048754.1	71.111	45	13	0	33	77	86396859	86396993	2.75e-14	67.8
XP_049945903.1	CM048754.1	71.111	45	13	0	33	77	10832896	10833030	5.72e-14	67.0
XP_049945903.1	CM048754.1	63.830	47	17	0	33	79	80783551	80783411	9.96e-12	60.5
XP_049945903.1	CM048754.1	55.814	43	19	0	34	76	56994747	56994875	1.06e-08	52.0
XP_049945903.1	CM048754.1	55.814	43	19	0	34	76	58652694	58652566	1.04e-07	48.9
XP_049945903.1	CM048754.1	48.837	43	22	0	38	80	88239679	88239807	1.12e-06	46.2
XP_049945967.1	CM048754.1	100.000	69	0	0	4	72	4631742	4631948	7.07e-41	142
XP_049945967.1	CM048754.1	100.000	69	0	0	4	72	73690411	73690205	1.01e-40	142
XP_049945967.1	CM048754.1	85.507	69	9	1	4	71	7060622	7060828	1.19e-31	116
XP_049945967.1	CM048754.1	85.507	69	9	1	4	71	71439237	71439031	1.19e-31	116
XP_049945967.1	CM048754.1	93.220	59	4	0	5	63	78380017	78379841	6.35e-31	114
XP_049945967.1	CM048754.1	83.077	65	11	0	6	70	71946518	71946324	5.94e-30	111
XP_049945967.1	CM048754.1	83.077	65	11	0	6	70	6541022	6541216	6.18e-30	111
XP_049945967.1	CM048754.1	79.412	68	14	0	5	72	2216835	2217038	2.23e-29	110
XP_049945967.1	CM048754.1	79.412	68	14	0	5	72	75947502	75947299	2.23e-29	110
XP_049945967.1	CM048754.1	80.952	63	12	0	3	65	84499217	84499405	1.79e-28	107
XP_049945967.1	CM048754.1	80.952	63	12	0	3	65	8511533	8511721	5.74e-28	105
XP_049945967.1	CM048754.1	65.672	67	22	1	6	72	85410521	85410718	6.66e-22	88.6
XP_049945967.1	CM048754.1	65.672	67	22	1	6	72	9719930	9720127	7.78e-22	88.6
XP_049945967.1	CM048754.1	72.727	55	15	0	8	62	11710942	11711106	2.42e-20	84.3
XP_049945967.1	CM048754.1	72.727	55	15	0	8	62	87170642	87170806	3.15e-20	84.0
XP_049945967.1	CM048754.1	67.797	59	19	0	6	64	86396820	86396996	1.53e-19	82.0
XP_049945967.1	CM048754.1	68.966	58	18	0	6	63	10832857	10833030	2.32e-19	81.3
XP_049945967.1	CM048754.1	58.065	62	26	0	1	62	80783605	80783420	1.05e-16	73.9
XP_049945967.1	CM048754.1	50.820	61	30	0	9	69	58652727	58652545	1.74e-12	62.0
XP_049945967.1	CM048754.1	50.820	61	30	0	9	69	56994714	56994896	3.66e-12	60.8
XP_049945967.1	CM048754.1	52.273	44	21	0	24	67	88239679	88239810	3.21e-09	52.8
NP_001356915.1	CM048754.1	98.592	71	1	0	1	71	7060610	7060822	7.32e-42	145
NP_001356915.1	CM048754.1	98.592	71	1	0	1	71	71439249	71439037	7.32e-42	145
NP_001356915.1	CM048754.1	90.476	63	6	0	4	66	4631739	4631927	7.59e-32	117
NP_001356915.1	CM048754.1	90.476	63	6	0	4	66	73690414	73690226	1.97e-31	115
NP_001356915.1	CM048754.1	71.795	78	16	1	2	73	84499193	84499426	1.13e-30	113
NP_001356915.1	CM048754.1	71.795	78	16	1	2	73	8511509	8511742	2.82e-30	112
NP_001356915.1	CM048754.1	84.746	59	9	0	7	65	71946518	71946342	2.86e-28	106
NP_001356915.1	CM048754.1	84.746	59	9	0	7	65	6541022	6541198	2.95e-28	106
NP_001356915.1	CM048754.1	82.812	64	11	0	1	64	2216820	2217011	2.97e-28	106
NP_001356915.1	CM048754.1	82.812	64	11	0	1	64	75947517	75947326	2.97e-28	106
NP_001356915.1	CM048754.1	81.538	65	11	1	1	64	78380035	78379841	3.03e-28	106
NP_001356915.1	CM048754.1	70.492	61	18	0	6	66	9719927	9720109	1.16e-22	90.9
NP_001356915.1	CM048754.1	70.492	61	18	0	6	66	85410518	85410700	1.31e-22	90.9
NP_001356915.1	CM048754.1	69.355	62	19	0	3	64	86396808	86396993	1.87e-22	90.1
NP_001356915.1	CM048754.1	69.355	62	19	0	3	64	10832845	10833030	4.62e-22	89.4
NP_001356915.1	CM048754.1	67.742	62	20	0	10	71	11710945	11711130	8.01e-21	85.5
NP_001356915.1	CM048754.1	67.742	62	20	0	10	71	87170645	87170830	1.28e-20	85.1
NP_001356915.1	CM048754.1	60.345	58	23	0	6	63	80783593	80783420	5.47e-17	74.7
NP_001356915.1	CM048754.1	54.545	55	25	0	9	63	56994711	56994875	1.45e-12	62.0
NP_001356915.1	CM048754.1	53.448	58	27	0	9	66	58652730	58652557	1.73e-10	56.2
NP_001356915.1	CM048754.1	55.000	40	18	0	25	64	88239679	88239798	2.67e-09	52.8
NP_001356915.1	CM048754.1	46.939	49	26	0	4	52	43273793	43273939	1.11e-06	45.4
NP_476613.1	CM048754.1	90.323	62	6	0	7	68	11710936	11711121	5.14e-33	120
NP_476613.1	CM048754.1	90.323	62	6	0	7	68	87170636	87170821	7.02e-33	120
NP_476613.1	CM048754.1	72.222	54	15	0	10	63	86396829	86396990	5.48e-21	86.3
NP_476613.1	CM048754.1	74.074	54	14	0	10	63	84499235	84499396	1.08e-20	85.1
NP_476613.1	CM048754.1	72.222	54	15	0	10	63	10832866	10833027	2.12e-20	84.3
NP_476613.1	CM048754.1	65.625	64	22	0	10	73	7060637	7060828	2.81e-20	84.0
NP_476613.1	CM048754.1	65.625	64	22	0	10	73	71439222	71439031	2.81e-20	84.0
NP_476613.1	CM048754.1	74.074	54	14	0	10	63	8511551	8511712	3.92e-20	83.6
NP_476613.1	CM048754.1	72.727	55	15	0	9	63	4631754	4631918	8.54e-20	82.8
NP_476613.1	CM048754.1	72.727	55	15	0	9	63	73690399	73690235	1.50e-19	82.0
NP_476613.1	CM048754.1	67.241	58	19	0	9	66	78380008	78379835	5.13e-19	80.5
NP_476613.1	CM048754.1	65.455	55	19	0	9	63	85410527	85410691	9.76e-19	79.7
NP_476613.1	CM048754.1	65.455	55	19	0	9	63	9719936	9720100	1.03e-18	79.7
NP_476613.1	CM048754.1	62.500	64	23	1	10	73	71946509	71946321	2.91e-18	78.2
NP_476613.1	CM048754.1	59.420	69	27	1	5	73	6541016	6541219	3.11e-18	78.2
NP_476613.1	CM048754.1	63.793	58	21	0	9	66	2216844	2217017	3.07e-17	75.5
NP_476613.1	CM048754.1	63.793	58	21	0	9	66	75947493	75947320	3.07e-17	75.5
NP_476613.1	CM048754.1	53.704	54	25	0	10	63	58652727	58652566	5.16e-13	63.5
NP_476613.1	CM048754.1	53.704	54	25	0	10	63	56994714	56994875	1.25e-12	62.4
NP_476613.1	CM048754.1	57.407	54	23	0	10	63	80783581	80783420	3.40e-12	61.2
NP_476613.1	CM048754.1	42.222	45	26	0	25	69	88239679	88239813	3.79e-06	43.9
NP_476613.1	CM048754.1	65.625	32	10	1	37	68	58651143	58651051	4.89e-06	43.5
NP_476613.1	CM048754.1	65.625	32	10	1	37	68	58646805	58646713	4.89e-06	43.5
NP_476613.1	CM048754.1	65.625	32	10	1	37	68	58642966	58642874	4.89e-06	43.5
NP_476613.1	CM048754.1	65.625	32	10	1	37	68	58641297	58641205	4.89e-06	43.5
NP_476613.1	CM048754.1	70.370	27	8	0	37	63	58639795	58639715	4.89e-06	43.5
NP_476613.1	CM048754.1	70.370	27	8	0	37	63	56996295	56996375	6.89e-06	43.1
NP_476613.1	CM048754.1	70.370	27	8	0	37	63	58652479	58652399	7.75e-06	43.1
NP_476613.1	CM048754.1	70.370	27	8	0	37	63	58652312	58652232	7.75e-06	43.1
NP_476613.1	CM048754.1	70.370	27	8	0	37	63	58651978	58651898	7.75e-06	43.1
NP_476613.1	CM048754.1	70.370	27	8	0	37	63	58651644	58651564	7.75e-06	43.1
NP_476613.1	CM048754.1	70.370	27	8	0	37	63	58651477	58651397	7.75e-06	43.1
NP_476613.1	CM048754.1	70.370	27	8	0	37	63	58650977	58650897	7.75e-06	43.1
NP_476613.1	CM048754.1	70.370	27	8	0	37	63	58650643	58650563	7.75e-06	43.1
NP_476613.1	CM048754.1	70.370	27	8	0	37	63	58650476	58650396	7.75e-06	43.1
NP_476613.1	CM048754.1	70.370	27	8	0	37	63	58650143	58650063	7.75e-06	43.1
NP_476613.1	CM048754.1	70.370	27	8	0	37	63	58649976	58649896	7.75e-06	43.1
NP_476613.1	CM048754.1	70.370	27	8	0	37	63	58649642	58649562	7.75e-06	43.1
NP_476613.1	CM048754.1	70.370	27	8	0	37	63	58649141	58649061	7.75e-06	43.1
NP_476613.1	CM048754.1	70.370	27	8	0	37	63	58648808	58648728	7.75e-06	43.1
NP_476613.1	CM048754.1	70.370	27	8	0	37	63	58648641	58648561	7.75e-06	43.1
NP_476613.1	CM048754.1	70.370	27	8	0	37	63	58648140	58648060	7.75e-06	43.1
NP_476613.1	CM048754.1	70.370	27	8	0	37	63	58647807	58647727	7.75e-06	43.1
NP_476613.1	CM048754.1	70.370	27	8	0	37	63	58647473	58647393	7.75e-06	43.1
NP_476613.1	CM048754.1	70.370	27	8	0	37	63	58647306	58647226	7.75e-06	43.1
NP_476613.1	CM048754.1	70.370	27	8	0	37	63	58646639	58646559	7.75e-06	43.1
NP_476613.1	CM048754.1	70.370	27	8	0	37	63	58646472	58646392	7.75e-06	43.1
NP_476613.1	CM048754.1	70.370	27	8	0	37	63	58646138	58646058	7.75e-06	43.1
NP_476613.1	CM048754.1	70.370	27	8	0	37	63	58645971	58645891	7.75e-06	43.1
NP_476613.1	CM048754.1	70.370	27	8	0	37	63	58645804	58645724	7.75e-06	43.1
NP_476613.1	CM048754.1	70.370	27	8	0	37	63	58645637	58645557	7.75e-06	43.1
NP_476613.1	CM048754.1	70.370	27	8	0	37	63	58645470	58645390	7.75e-06	43.1
NP_476613.1	CM048754.1	70.370	27	8	0	37	63	58645303	58645223	7.75e-06	43.1
NP_476613.1	CM048754.1	70.370	27	8	0	37	63	58645136	58645056	7.75e-06	43.1
NP_476613.1	CM048754.1	70.370	27	8	0	37	63	58644134	58644054	7.75e-06	43.1
NP_476613.1	CM048754.1	70.370	27	8	0	37	63	58643800	58643720	7.75e-06	43.1
NP_476613.1	CM048754.1	70.370	27	8	0	37	63	58642633	58642553	7.75e-06	43.1
NP_476613.1	CM048754.1	70.370	27	8	0	37	63	58642299	58642219	7.75e-06	43.1
NP_476613.1	CM048754.1	70.370	27	8	0	37	63	58642132	58642052	7.75e-06	43.1
NP_476613.1	CM048754.1	70.370	27	8	0	37	63	58641965	58641885	7.75e-06	43.1
NP_476613.1	CM048754.1	70.370	27	8	0	37	63	58641798	58641718	7.75e-06	43.1
NP_476613.1	CM048754.1	70.370	27	8	0	37	63	58641131	58641051	7.75e-06	43.1
NP_476613.1	CM048754.1	70.370	27	8	0	37	63	58640129	58640049	7.75e-06	43.1
NP_476613.1	CM048754.1	70.370	27	8	0	37	63	58639461	58639381	7.75e-06	43.1
NP_476613.1	CM048754.1	53.488	43	20	0	10	52	43273811	43273939	7.83e-06	43.1
NP_476613.1	CM048754.1	70.370	27	8	0	37	63	58643633	58643553	8.47e-06	43.1
NP_476613.1	CM048754.1	70.370	27	8	0	37	63	58639962	58639882	8.64e-06	43.1
NP_476613.1	CM048754.1	70.370	27	8	0	37	63	58650810	58650730	9.34e-06	42.7
NP_476613.1	CM048754.1	70.370	27	8	0	37	63	58649308	58649228	9.34e-06	42.7
NP_476613.1	CM048754.1	70.370	27	8	0	37	63	58640797	58640717	9.34e-06	42.7
NP_476613.1	CM048754.1	70.370	27	8	0	37	63	58640630	58640550	9.34e-06	42.7
NP_476613.1	CM048754.1	70.370	27	8	0	37	63	58640296	58640216	9.34e-06	42.7
NP_476613.1	CM048754.1	70.370	27	8	0	37	63	58639628	58639548	9.34e-06	42.7
NP_476793.1	CM048754.1	68.966	58	18	0	7	64	9719930	9720103	3.21e-21	86.7
NP_476793.1	CM048754.1	68.966	58	18	0	7	64	85410521	85410694	3.30e-21	86.7
NP_476793.1	CM048754.1	68.966	58	18	0	7	64	84499226	84499399	3.79e-19	80.9
NP_476793.1	CM048754.1	68.966	58	18	0	7	64	8511542	8511715	4.84e-19	80.5
NP_476793.1	CM048754.1	66.667	57	19	0	7	63	86396820	86396990	5.37e-18	77.8
NP_476793.1	CM048754.1	59.375	64	26	0	7	70	2216838	2217029	5.69e-18	77.4
NP_476793.1	CM048754.1	59.375	64	26	0	7	70	75947499	75947308	5.69e-18	77.4
NP_476793.1	CM048754.1	66.667	57	19	0	7	63	10832857	10833027	9.36e-18	77.0
NP_476793.1	CM048754.1	65.517	58	20	0	7	64	7060628	7060801	1.70e-17	76.3
NP_476793.1	CM048754.1	65.517	58	20	0	7	64	71439231	71439058	1.70e-17	76.3
NP_476793.1	CM048754.1	60.656	61	24	0	7	67	6541022	6541204	5.47e-17	74.7
NP_476793.1	CM048754.1	60.656	61	24	0	7	67	71946518	71946336	5.91e-17	74.7
NP_476793.1	CM048754.1	57.812	64	27	0	7	70	78380014	78379823	6.45e-17	74.7
NP_476793.1	CM048754.1	69.091	55	17	0	9	63	11710942	11711106	1.81e-16	73.2
NP_476793.1	CM048754.1	69.091	55	17	0	9	63	87170642	87170806	2.20e-16	73.2
NP_476793.1	CM048754.1	63.793	58	21	0	7	64	4631748	4631921	2.79e-16	72.8
NP_476793.1	CM048754.1	63.793	58	21	0	7	64	73690405	73690232	2.84e-16	72.8
NP_476793.1	CM048754.1	48.485	66	34	0	1	66	80783608	80783411	1.07e-13	65.5
NP_476793.1	CM048754.1	50.847	59	29	0	10	68	58652727	58652551	1.64e-11	59.3
NP_476793.1	CM048754.1	50.847	59	29	0	10	68	56994714	56994890	1.77e-11	58.9
NP_476793.1	CM048754.1	52.083	48	23	0	5	52	43273796	43273939	4.39e-06	43.9
NP_476793.1	CM048754.1	50.000	36	18	0	30	65	88239694	88239801	8.22e-06	43.1
NP_477201.1	CM048754.1	100.000	73	0	0	1	73	84499208	84499426	8.85e-45	154
NP_477201.1	CM048754.1	100.000	73	0	0	1	73	8511524	8511742	1.13e-44	153
NP_477201.1	CM048754.1	80.000	65	13	0	5	69	7060622	7060816	3.85e-30	112
NP_477201.1	CM048754.1	80.000	65	13	0	5	69	71439237	71439043	3.85e-30	112
NP_477201.1	CM048754.1	82.258	62	11	0	5	66	4631742	4631927	8.84e-28	105
NP_477201.1	CM048754.1	82.258	62	11	0	5	66	73690411	73690226	1.28e-27	105
NP_477201.1	CM048754.1	73.846	65	16	1	2	65	71946536	71946342	6.35e-25	97.4
NP_477201.1	CM048754.1	73.846	65	16	1	2	65	6541004	6541198	6.41e-25	97.4
NP_477201.1	CM048754.1	74.194	62	16	0	3	64	78380026	78379841	1.09e-23	94.0
NP_477201.1	CM048754.1	70.000	60	18	0	7	66	85410521	85410700	2.92e-22	89.7
NP_477201.1	CM048754.1	70.000	60	18	0	7	66	9719930	9720109	3.07e-22	89.7
NP_477201.1	CM048754.1	75.862	58	14	0	7	64	2216838	2217011	3.41e-22	89.7
NP_477201.1	CM048754.1	75.862	58	14	0	7	64	75947499	75947326	3.41e-22	89.7
NP_477201.1	CM048754.1	70.690	58	17	0	6	63	86396817	86396990	6.95e-22	88.6
NP_477201.1	CM048754.1	70.690	58	17	0	6	63	10832854	10833027	2.19e-21	87.4
NP_477201.1	CM048754.1	70.370	54	16	0	10	63	11710945	11711106	1.20e-19	82.4
NP_477201.1	CM048754.1	70.370	54	16	0	10	63	87170645	87170806	1.58e-19	82.0
NP_477201.1	CM048754.1	53.333	60	28	0	7	66	80783590	80783411	8.06e-15	68.6
NP_477201.1	CM048754.1	51.724	58	28	0	9	66	58652730	58652557	1.82e-12	62.0
NP_477201.1	CM048754.1	51.724	58	28	0	9	66	56994711	56994884	4.97e-12	60.8
NP_477201.1	CM048754.1	54.348	46	21	0	7	52	43273802	43273939	6.62e-08	48.9
NP_477201.1	CM048754.1	55.556	36	16	0	28	63	88239688	88239795	1.03e-07	48.5
NP_477498.1	CM048754.1	78.431	51	11	0	19	69	7060664	7060816	6.99e-21	85.9
NP_477498.1	CM048754.1	78.431	51	11	0	19	69	71439195	71439043	6.99e-21	85.9
NP_477498.1	CM048754.1	76.923	52	12	0	19	70	8511578	8511733	1.83e-20	84.7
NP_477498.1	CM048754.1	84.783	46	7	0	19	64	73690369	73690232	6.69e-20	83.2
NP_477498.1	CM048754.1	84.783	46	7	0	19	64	4631784	4631921	7.24e-20	82.8
NP_477498.1	CM048754.1	82.609	46	8	0	19	64	78379978	78379841	1.40e-19	82.0
NP_477498.1	CM048754.1	78.261	46	10	0	19	64	2216874	2217011	8.25e-18	77.0
NP_477498.1	CM048754.1	78.261	46	10	0	19	64	75947463	75947326	8.25e-18	77.0
NP_477498.1	CM048754.1	81.356	59	11	0	6	64	6541019	6541195	8.64e-17	74.3
NP_477498.1	CM048754.1	81.356	59	11	0	6	64	71946521	71946345	1.45e-16	73.6
NP_477498.1	CM048754.1	76.923	52	12	0	19	70	84499262	84499417	1.52e-16	73.6
NP_477498.1	CM048754.1	71.111	45	13	0	19	63	10832893	10833027	2.04e-16	73.2
NP_477498.1	CM048754.1	77.273	44	10	0	20	63	11710975	11711106	2.23e-16	73.2
NP_477498.1	CM048754.1	71.111	45	13	0	19	63	86396856	86396990	2.58e-16	72.8
NP_477498.1	CM048754.1	65.957	47	16	0	19	65	9719966	9720106	7.31e-16	71.6
NP_477498.1	CM048754.1	65.957	47	16	0	19	65	85410557	85410697	8.30e-16	71.2
NP_477498.1	CM048754.1	77.273	44	10	0	20	63	87170675	87170806	9.33e-15	68.6
NP_477498.1	CM048754.1	63.043	46	17	0	19	64	80783554	80783417	5.31e-10	55.1
NP_477498.1	CM048754.1	55.556	45	20	0	19	63	56994741	56994875	6.04e-10	54.7
NP_477498.1	CM048754.1	55.556	45	20	0	19	63	58652700	58652566	7.97e-08	48.9
NP_477498.1	CM048754.1	58.333	36	13	1	37	70	58648974	58648867	7.75e-06	43.1
NP_477498.1	CM048754.1	66.667	27	9	0	37	63	58639795	58639715	9.81e-06	42.7
NP_524896.2	CM048754.1	97.015	67	2	0	1	67	80783608	80783408	1.73e-36	130
NP_524896.2	CM048754.1	64.912	57	20	0	7	63	78380014	78379844	7.01e-19	80.1
NP_524896.2	CM048754.1	58.065	62	26	0	2	63	71946533	71946348	2.96e-18	78.2
NP_524896.2	CM048754.1	58.065	62	26	0	2	63	6541007	6541192	3.14e-18	78.2
NP_524896.2	CM048754.1	56.716	67	28	1	1	66	2216817	2217017	1.89e-17	75.9
NP_524896.2	CM048754.1	56.716	67	28	1	1	66	75947520	75947320	1.89e-17	75.9
NP_524896.2	CM048754.1	57.353	68	28	1	4	70	73690417	73690214	2.68e-17	75.5
NP_524896.2	CM048754.1	60.345	58	23	0	6	63	7060625	7060798	3.32e-17	75.5
NP_524896.2	CM048754.1	60.345	58	23	0	6	63	71439234	71439061	3.32e-17	75.5
NP_524896.2	CM048754.1	55.882	68	29	1	4	70	4631736	4631939	4.50e-17	75.1
NP_524896.2	CM048754.1	57.627	59	25	0	7	65	86396820	86396996	1.69e-16	73.2
NP_524896.2	CM048754.1	57.627	59	25	0	7	65	10832857	10833033	4.72e-16	72.0
NP_524896.2	CM048754.1	53.333	60	28	0	7	66	84499226	84499405	1.76e-15	70.5
NP_524896.2	CM048754.1	57.895	57	24	0	7	63	9719930	9720100	3.84e-15	69.3
NP_524896.2	CM048754.1	57.895	57	24	0	7	63	85410521	85410691	4.45e-15	69.3
NP_524896.2	CM048754.1	53.333	60	28	0	7	66	8511542	8511721	4.67e-15	69.3
NP_524896.2	CM048754.1	65.957	47	16	0	17	63	11710966	11711106	2.32e-13	64.3
NP_524896.2	CM048754.1	65.957	47	16	0	17	63	87170666	87170806	2.68e-13	64.3
NP_524896.2	CM048754.1	48.438	64	33	0	9	72	58652730	58652539	2.61e-12	61.6
NP_524896.2	CM048754.1	48.438	64	33	0	9	72	56994711	56994902	4.60e-12	60.8
NP_524896.2	CM048754.1	56.757	37	16	0	27	63	88239685	88239795	5.61e-06	43.5
NP_732171.1	CM048754.1	100.000	54	0	0	31	84	2216877	2217038	3.91e-30	112
NP_732171.1	CM048754.1	100.000	54	0	0	31	84	75947460	75947299	3.91e-30	112
NP_732171.1	CM048754.1	88.889	54	6	0	31	84	78379975	78379814	2.30e-26	102
NP_732171.1	CM048754.1	91.111	45	4	0	31	75	7060667	7060801	2.15e-20	85.1
NP_732171.1	CM048754.1	91.111	45	4	0	31	75	71439192	71439058	2.15e-20	85.1
NP_732171.1	CM048754.1	86.667	45	6	0	31	75	6541061	6541195	3.44e-20	84.3
NP_732171.1	CM048754.1	86.667	45	6	0	31	75	71946479	71946345	3.61e-20	84.3
NP_732171.1	CM048754.1	91.111	45	4	0	31	75	4631787	4631921	4.05e-20	84.3
NP_732171.1	CM048754.1	91.111	45	4	0	31	75	73690366	73690232	5.48e-20	84.0
NP_732171.1	CM048754.1	82.222	45	8	0	31	75	84499265	84499399	3.72e-18	78.6
NP_732171.1	CM048754.1	82.222	45	8	0	31	75	8511581	8511715	8.59e-18	77.4
NP_732171.1	CM048754.1	75.000	48	12	0	31	78	9719969	9720112	2.68e-16	73.2
NP_732171.1	CM048754.1	75.000	48	12	0	31	78	85410560	85410703	2.92e-16	73.2
NP_732171.1	CM048754.1	72.340	47	13	0	31	77	11710975	11711115	7.03e-16	72.0
NP_732171.1	CM048754.1	72.340	47	13	0	31	77	87170675	87170815	1.08e-15	71.6
NP_732171.1	CM048754.1	71.111	45	13	0	31	75	86396859	86396993	1.72e-14	68.2
NP_732171.1	CM048754.1	71.111	45	13	0	31	75	10832896	10833030	3.54e-14	67.4
NP_732171.1	CM048754.1	63.830	47	17	0	31	77	80783551	80783411	1.08e-11	60.1
NP_732171.1	CM048754.1	55.814	43	19	0	32	74	56994747	56994875	8.07e-09	52.0
NP_732171.1	CM048754.1	55.814	43	19	0	32	74	58652694	58652566	1.06e-07	48.9
NP_732171.1	CM048754.1	48.837	43	22	0	36	78	88239679	88239807	2.61e-06	45.1
NP_732176.1	CM048754.1	100.000	73	0	0	1	73	78380032	78379814	6.74e-45	154
NP_732176.1	CM048754.1	86.301	73	9	1	1	73	2216823	2217038	1.78e-35	127
NP_732176.1	CM048754.1	86.301	73	9	1	1	73	75947514	75947299	1.78e-35	127
NP_732176.1	CM048754.1	86.364	66	7	1	1	64	4631724	4631921	2.03e-30	112
NP_732176.1	CM048754.1	86.364	66	7	1	1	64	73690429	73690232	2.24e-30	112
NP_732176.1	CM048754.1	89.655	58	6	0	7	64	71946518	71946345	1.16e-28	107
NP_732176.1	CM048754.1	89.655	58	6	0	7	64	6541022	6541195	1.35e-28	107
NP_732176.1	CM048754.1	82.812	64	10	1	1	64	7060613	7060801	1.87e-27	104
NP_732176.1	CM048754.1	82.812	64	10	1	1	64	71439246	71439058	1.87e-27	104
NP_732176.1	CM048754.1	74.194	62	16	0	3	64	84499214	84499399	1.03e-23	94.0
NP_732176.1	CM048754.1	74.194	62	16	0	3	64	8511530	8511715	1.44e-23	93.6
NP_732176.1	CM048754.1	69.841	63	18	1	2	64	86396808	86396993	2.20e-20	84.3
NP_732176.1	CM048754.1	69.841	63	18	1	2	64	10832845	10833030	2.81e-20	84.0
NP_732176.1	CM048754.1	70.690	58	17	0	9	66	11710942	11711115	3.73e-20	83.6
NP_732176.1	CM048754.1	70.690	58	17	0	9	66	87170642	87170815	4.19e-20	83.6
NP_732176.1	CM048754.1	67.213	61	20	0	7	67	85410521	85410703	1.27e-19	82.4
NP_732176.1	CM048754.1	67.213	61	20	0	7	67	9719930	9720112	1.32e-19	82.0
NP_732176.1	CM048754.1	64.912	57	20	0	7	63	80783590	80783420	4.25e-18	77.8
NP_732176.1	CM048754.1	53.704	54	25	0	10	63	56994714	56994875	1.72e-11	59.3
NP_732176.1	CM048754.1	53.704	54	25	0	10	63	58652727	58652566	1.28e-09	53.9
NP_732176.1	CM048754.1	53.659	41	19	0	25	65	88239679	88239801	7.23e-07	46.2
NP_996161.1	CM048754.1	100.000	67	0	0	2	68	86396805	86397005	7.05e-43	148
NP_996161.1	CM048754.1	100.000	67	0	0	2	68	10832842	10833042	3.39e-39	137
NP_996161.1	CM048754.1	71.667	60	17	0	5	64	85410515	85410694	3.26e-26	100
NP_996161.1	CM048754.1	71.667	60	17	0	5	64	9719924	9720103	3.39e-26	100
NP_996161.1	CM048754.1	61.644	73	24	1	3	71	7060616	7060834	4.23e-22	89.4
NP_996161.1	CM048754.1	61.644	73	24	1	3	71	71439243	71439025	4.23e-22	89.4
NP_996161.1	CM048754.1	70.690	58	17	0	6	63	84499223	84499396	9.04e-22	88.2
NP_996161.1	CM048754.1	74.074	54	14	0	10	63	87170645	87170806	1.25e-21	87.8
NP_996161.1	CM048754.1	74.074	54	14	0	10	63	11710945	11711106	1.27e-21	87.8
NP_996161.1	CM048754.1	70.690	58	17	0	6	63	8511539	8511712	2.19e-21	87.4
NP_996161.1	CM048754.1	67.188	64	21	0	7	70	73690405	73690214	8.57e-21	85.5
NP_996161.1	CM048754.1	67.188	64	21	0	7	70	4631748	4631939	1.00e-20	85.5
NP_996161.1	CM048754.1	69.841	63	18	1	3	64	78380029	78379841	1.04e-20	85.5
NP_996161.1	CM048754.1	67.742	62	20	0	3	64	2216826	2217011	4.62e-20	83.6
NP_996161.1	CM048754.1	67.742	62	20	0	3	64	75947511	75947326	4.62e-20	83.6
NP_996161.1	CM048754.1	65.517	58	20	0	7	64	71946518	71946345	4.02e-19	80.9
NP_996161.1	CM048754.1	65.517	58	20	0	7	64	6541022	6541195	4.14e-19	80.9
NP_996161.1	CM048754.1	57.627	59	25	0	7	65	80783590	80783414	3.13e-16	72.4
NP_996161.1	CM048754.1	51.852	54	26	0	10	63	58652727	58652566	9.29e-12	60.1
NP_996161.1	CM048754.1	51.852	54	26	0	10	63	56994714	56994875	1.48e-11	59.3
NP_996161.1	CM048754.1	47.727	44	23	0	25	68	88239679	88239810	2.79e-07	47.4
NP_996161.1	CM048754.1	53.061	49	23	0	4	52	43273793	43273939	4.60e-07	46.6
NP_996174.1	CM048754.1	94.118	68	4	0	4	71	4631742	4631945	3.30e-37	132
NP_996174.1	CM048754.1	94.118	68	4	0	4	71	73690411	73690208	7.40e-37	131
NP_996174.1	CM048754.1	91.935	62	5	0	4	65	7060622	7060807	2.02e-31	115
NP_996174.1	CM048754.1	91.935	62	5	0	4	65	71439237	71439052	2.02e-31	115
NP_996174.1	CM048754.1	93.220	59	4	0	5	63	78380017	78379841	8.34e-31	114
NP_996174.1	CM048754.1	89.831	59	6	0	6	64	71946518	71946342	1.16e-29	110
NP_996174.1	CM048754.1	89.831	59	6	0	6	64	6541022	6541198	1.24e-29	110
NP_996174.1	CM048754.1	91.525	59	5	0	5	63	2216835	2217011	3.29e-29	109
NP_996174.1	CM048754.1	91.525	59	5	0	5	63	75947502	75947326	3.29e-29	109
NP_996174.1	CM048754.1	80.952	63	12	0	3	65	84499217	84499405	1.75e-28	107
NP_996174.1	CM048754.1	80.952	63	12	0	3	65	8511533	8511721	5.16e-28	105
NP_996174.1	CM048754.1	66.176	68	19	1	6	69	85410521	85410724	1.82e-21	87.4
NP_996174.1	CM048754.1	67.742	62	20	0	6	67	9719930	9720115	2.45e-21	87.0
NP_996174.1	CM048754.1	72.727	55	15	0	8	62	11710942	11711106	2.70e-20	84.0
NP_996174.1	CM048754.1	72.727	55	15	0	8	62	87170642	87170806	3.65e-20	83.6
NP_996174.1	CM048754.1	67.797	59	19	0	6	64	86396820	86396996	1.36e-19	82.0
NP_996174.1	CM048754.1	68.966	58	18	0	6	63	10832857	10833030	2.04e-19	81.6
NP_996174.1	CM048754.1	55.385	65	29	0	1	65	80783605	80783411	1.12e-16	73.9
NP_996174.1	CM048754.1	51.724	58	28	0	9	66	58652727	58652554	8.57e-12	60.1
NP_996174.1	CM048754.1	51.724	58	28	0	9	66	56994714	56994887	2.44e-11	58.5
NP_996174.1	CM048754.1	55.000	40	18	0	24	63	88239679	88239798	3.90e-09	52.4
120	CM048754.1	100.000	70	0	0	1	70	85410503	85410712	1.45e-41	144
120	CM048754.1	100.000	70	0	0	1	70	9719912	9720121	1.60e-41	144
120	CM048754.1	71.667	60	17	0	5	64	86396814	86396993	2.77e-25	98.2
120	CM048754.1	68.750	64	20	0	1	64	10832839	10833030	2.99e-25	98.2
120	CM048754.1	70.000	60	18	0	7	66	8511542	8511721	2.79e-21	86.7
120	CM048754.1	70.000	60	18	0	7	66	84499226	84499405	2.87e-21	86.7
120	CM048754.1	70.492	61	18	0	6	66	7060625	7060807	3.14e-21	86.7
120	CM048754.1	70.492	61	18	0	6	66	71439234	71439052	3.14e-21	86.7
120	CM048754.1	67.742	62	20	0	7	68	73690405	73690220	2.31e-20	84.3
120	CM048754.1	67.742	62	20	0	7	68	4631748	4631933	2.40e-20	84.0
120	CM048754.1	62.687	67	25	0	1	67	2216820	2217020	1.18e-19	82.0
120	CM048754.1	62.687	67	25	0	1	67	75947517	75947317	1.18e-19	82.0
120	CM048754.1	67.213	61	20	0	7	67	78380014	78379832	5.27e-19	80.5
120	CM048754.1	67.273	55	18	0	9	63	87170642	87170806	7.49e-19	79.7
120	CM048754.1	67.273	55	18	0	9	63	11710942	11711106	7.86e-19	79.7
120	CM048754.1	62.903	62	23	0	6	67	6541019	6541204	1.71e-18	79.0
120	CM048754.1	62.903	62	23	0	6	67	71946521	71946336	1.77e-18	79.0
120	CM048754.1	57.895	57	24	0	7	63	80783590	80783420	1.35e-14	67.8
120	CM048754.1	51.724	58	28	0	10	67	58652727	58652554	7.05e-13	62.8
120	CM048754.1	51.724	58	28	0	10	67	56994714	56994887	9.92e-13	62.4
120	CM048754.1	52.273	44	21	0	25	68	88239679	88239810	1.56e-08	50.4
120	CM048754.1	43.137	51	29	0	6	56	43273799	43273951	5.12e-06	43.5
196	CM048754.1	100.000	37	0	0	16	52	17345277	17345387	1.66e-19	82.0
196	CM048754.1	100.000	22	0	0	52	73	17349335	17349400	6.96e-09	51.6
0.66	CM048754.1	100.000	24	0	0	1	24	43308493	43308564	1.29e-11	56.6
1231	CM048754.1	100.000	68	0	0	1	68	7060610	7060813	2.70e-40	140
1231	CM048754.1	100.000	68	0	0	1	68	71439249	71439046	2.70e-40	140
1231	CM048754.1	90.476	63	6	0	4	66	4631739	4631927	1.14e-31	116
1231	CM048754.1	90.476	63	6	0	4	66	73690414	73690226	2.89e-31	115
1231	CM048754.1	75.342	73	12	1	2	68	84499193	84499411	1.41e-30	113
1231	CM048754.1	75.342	73	12	1	2	68	8511509	8511727	3.80e-30	112
1231	CM048754.1	84.746	59	9	0	7	65	71946518	71946342	3.30e-28	106
1231	CM048754.1	84.746	59	9	0	7	65	6541022	6541198	3.33e-28	106
1231	CM048754.1	82.812	64	11	0	1	64	2216820	2217011	3.57e-28	106
1231	CM048754.1	82.812	64	11	0	1	64	75947517	75947326	3.57e-28	106
1231	CM048754.1	81.538	65	11	1	1	64	78380035	78379841	4.42e-28	105
1231	CM048754.1	70.492	61	18	0	6	66	9719927	9720109	1.48e-22	90.5
1231	CM048754.1	70.492	61	18	0	6	66	85410518	85410700	1.49e-22	90.1
1231	CM048754.1	69.355	62	19	0	3	64	86396808	86396993	2.16e-22	89.7
1231	CM048754.1	69.355	62	19	0	3	64	10832845	10833030	3.80e-22	89.0
1231	CM048754.1	71.186	59	17	0	10	68	11710945	11711121	1.30e-20	84.7
1231	CM048754.1	71.186	59	17	0	10	68	87170645	87170821	2.06e-20	84.3
1231	CM048754.1	60.345	58	23	0	6	63	80783593	80783420	4.63e-17	74.7
1231	CM048754.1	54.545	55	25	0	9	63	56994711	56994875	1.55e-12	62.0
1231	CM048754.1	53.448	58	27	0	9	66	58652730	58652557	4.71e-10	54.7
1231	CM048754.1	55.000	40	18	0	25	64	88239679	88239798	2.46e-09	52.8
1231	CM048754.1	46.939	49	26	0	4	52	43273793	43273939	1.06e-06	45.4
1238	CM048754.1	100.000	68	0	0	1	68	71946536	71946333	7.06e-40	139
1238	CM048754.1	100.000	68	0	0	1	68	6541004	6541207	9.54e-40	139
1238	CM048754.1	86.885	61	8	0	7	67	4631748	4631930	2.74e-29	109
1238	CM048754.1	89.655	58	6	0	7	64	78380014	78379841	4.16e-29	108
1238	CM048754.1	86.885	61	8	0	7	67	73690405	73690223	4.54e-29	108
1238	CM048754.1	84.746	59	9	0	7	65	7060628	7060804	8.99e-28	105
1238	CM048754.1	84.746	59	9	0	7	65	71439231	71439055	8.99e-28	105
1238	CM048754.1	84.483	58	9	0	7	64	2216838	2217011	1.91e-26	101
1238	CM048754.1	84.483	58	9	0	7	64	75947499	75947326	1.91e-26	101
1238	CM048754.1	73.846	65	16	1	1	65	84499211	84499402	3.05e-25	97.8
1238	CM048754.1	73.846	65	16	1	1	65	8511527	8511718	5.80e-25	97.1
1238	CM048754.1	65.517	58	20	0	7	64	86396820	86396993	1.70e-19	81.6
1238	CM048754.1	66.102	59	20	0	6	64	9719927	9720103	1.81e-19	81.6
1238	CM048754.1	66.102	59	20	0	6	64	85410518	85410694	2.03e-19	81.3
1238	CM048754.1	64.407	59	21	0	6	64	10832854	10833030	3.58e-19	80.9
1238	CM048754.1	59.677	62	25	0	2	63	80783605	80783420	1.03e-18	79.3
1238	CM048754.1	68.519	54	17	0	10	63	11710945	11711106	1.35e-18	79.0
1238	CM048754.1	68.519	54	17	0	10	63	87170645	87170806	1.73e-18	78.6
1238	CM048754.1	51.852	54	26	0	10	63	58652727	58652566	2.63e-11	58.5
1238	CM048754.1	51.852	54	26	0	10	63	56994714	56994875	5.64e-11	57.4
1238	CM048754.1	55.000	40	18	0	25	64	88239679	88239798	1.87e-08	50.4
1390	CM048754.1	100.000	69	0	0	1	69	9719912	9720118	5.85e-41	142
1390	CM048754.1	100.000	69	0	0	1	69	85410503	85410709	5.90e-41	142
1390	CM048754.1	68.750	64	20	0	1	64	10832839	10833030	3.01e-25	98.2
1390	CM048754.1	71.667	60	17	0	5	64	86396814	86396993	3.07e-25	97.8
1390	CM048754.1	70.000	60	18	0	7	66	8511542	8511721	3.48e-21	86.7
1390	CM048754.1	70.000	60	18	0	7	66	84499226	84499405	3.83e-21	86.3
1390	CM048754.1	70.492	61	18	0	6	66	7060625	7060807	3.98e-21	86.3
1390	CM048754.1	70.492	61	18	0	6	66	71439234	71439052	3.98e-21	86.3
1390	CM048754.1	67.742	62	20	0	7	68	4631748	4631933	2.28e-20	84.0
1390	CM048754.1	67.742	62	20	0	7	68	73690405	73690220	2.44e-20	84.0
1390	CM048754.1	62.687	67	25	0	1	67	2216820	2217020	1.34e-19	82.0
1390	CM048754.1	62.687	67	25	0	1	67	75947517	75947317	1.34e-19	82.0
1390	CM048754.1	67.213	61	20	0	7	67	78380014	78379832	5.79e-19	80.1
1390	CM048754.1	67.273	55	18	0	9	63	87170642	87170806	7.91e-19	79.7
1390	CM048754.1	67.273	55	18	0	9	63	11710942	11711106	8.80e-19	79.7
1390	CM048754.1	62.903	62	23	0	6	67	6541019	6541204	1.78e-18	79.0
1390	CM048754.1	62.903	62	23	0	6	67	71946521	71946336	1.85e-18	78.6
1390	CM048754.1	57.895	57	24	0	7	63	80783590	80783420	1.49e-14	67.8
1390	CM048754.1	51.724	58	28	0	10	67	58652727	58652554	6.50e-13	62.8
1390	CM048754.1	51.724	58	28	0	10	67	56994714	56994887	9.80e-13	62.4
1390	CM048754.1	52.273	44	21	0	25	68	88239679	88239810	1.65e-08	50.4
1390	CM048754.1	43.137	51	29	0	6	56	43273799	43273951	5.06e-06	43.5
